1281675202 1647742108 -1543986375 902717694 -1181725056 -1517099903 -1895122617 -1189286984 -1406225155 -53767590 1688530374 517734804 1602312057 -2041242568 1960760403 -1665744576 -1516933317 -727622533 -1090840116 927135337 343539342 1151152006 -387304976 -673816428 320958732 -428947279 1100462913 -1654058194 -1769571298 -1718623613 -951075535 213205729 1394607042 392052256 -1867045763 1710625832 1965557647 435168768 -660266541 1923890981 -940188683 -274602015 -236892486 -588735311 1105998793 699169278 1503968434 822735029 -1551909375 -1402683519 754602650 1004307895 -1260168261 -305782731 1073552465 -1897960009 1798517379 1239574399 -1262915424 -1403225028 466099925 -537125234 207622487 574442921 -420394272 -1246767663 -2033669707 -1369903148 -1293292147 -354152023 473124620 1050345432 -1195543106 -1870737824 974055333 605966634 -1758681638 1616564056 -1752917024 1600287210 -1345690743 -974770809 1072084384 1449435259 -659603524 -1351165662 1243845093 819594837 93256431 -939982184 1933805753 1012026393 -705984078 2053545665 -251465904 652663525 399859044 1807120983 -1358456726 881614569 -288311235 
1973372366 
1604789787 
2091207604 
-1463656230 
-2069774905 
2130381617 
-1576915832 
1346363110 
901389005 
-436774314 
-750241284 
863162677 
1587708513 
1959006278 
1749770775 
-1373720592 
-2113711005 
1589155786 
-778748815 
1595909531 
354363849 
1096610910 
-144471547 
-250645422 
1723042443 
-1434422508 
2121162315 
-1577260203 
156929761 
-829422152 
1035945350 
-370757433 
-3612752 
374647859 
-1952187302 
-479042638 
-1358509503 
-890990540 
-983790431 
-362456498 
830102323 
-166217972 
1858986878 
1072988290 
-1467763533 
662400473 
-1434504015 
844438187 
-1463020567 
802018278 
1471790892 
189821083 
-1703200331 
-1313003694 
1913112295 
-180837149 
-1718736230 
607959023 
63494128 
-1497547691 
-154830342 
997958763 
442410693 
1359092164 
1313903747 
-1347959371 
1054286309 
1480847885 
1371454953 
-1234604903 
1731037348 
1786870875 
-434784811 
-743778899 
-1685742785 
-1320099163 
1350121500 
-1576503440 
1969305647 
142423675 
-1966224332 
-109736273 
-1912472895 
981462530 
-512452637 
762481962 
439201510 
1923525949 
48572728 
-1578545545 
-1650086329 
183885709 
1019571135 
2023569191 
1829665436 
232580474 
-1083228945 
-950296026 
-754570946 
